0.0353607 0.7910449 0.4248156309
0.0139543 0.3381601 0.8662857365
0.7784807 0.2248849 0.8440807254
0.8748343 0.5323201 0.4659344491
0.1136007 0.0027249 1.118798369
0.5437143 0.1824801 0.8488054504
0.2407207 0.5245649 0.6886479542
0.8205943 0.8886401 0.2287236039
0.3598407 0.1904049 1.258346278
0.5054743 0.2508001 0.8825131013
0.6709607 0.4002449 0.8271951036
0.3983543 0.8689601 0.3124077981
0.3740807 0.5540849 0.5906338822
0.2992343 0.3431201 1.16566718
0.6692007 0.0519249 0.7148539032
0.0081143 0.2732801 0.9452174649
0.7563207 0.2937649 0.9208350136
0.3249943 0.2594401 1.308618961
0.8354407 0.6796049 0.3081219235
0.0498743 0.9016001 0.3874640326
0.1065607 0.6094449 0.5452059326
0.9827543 0.7997601 0.1740319516
0.7696807 0.4832849 0.6784230846
0.9236343 0.5539201 0.3680535802
0.0248007 0.7011249 0.4602526114
0.6725143 0.7640801 0.3358282519
0.0719207 0.6629649 0.4952200552
0.0293943 0.0302401 1.005778303
0.1110407 0.7688049 0.4506648024
0.7942743 0.9524001 0.2265332477
0.3421607 0.4186449 0.8795435144
0.7671543 0.1305601 0.7170491241
0.9652807 0.0124849 0.394139226
0.7480343 0.1647201 0.7788470606
0.1804007 0.9503249 0.3882958754
0.5369143 0.6548801 0.4232474299
0.1875207 0.6321649 0.5418162436
0.9337943 0.2010401 0.5453138885
0.1866407 0.4580049 0.8427835976
0.7386743 0.4032001 0.8509256427
0.3777607 0.8278449 0.3043459713
0.7515543 0.8613601 0.2672031731
0.9608807 0.1416849 0.4477597028
0.7724343 0.1755201 0.7775614756
0.1360007 0.7995249 0.4413038246
0.6013143 0.9456801 0.3057577989
0.1031207 0.2013649 1.304342697
0.0381943 0.7718401 0.4332686431
0.0622407 0.7472049 0.4499006566
0.8830743 0.2540001 0.7058432285
0.2133607 0.8370449 0.4295822313
0.9359543 0.9921601 0.1616318755
0.7564807 0.8708849 0.2623669328
0.9968343 0.5863201 0.2522110798
0.8916007 0.2487249 0.6819651799
0.8657143 0.6364801 0.3270327077
0.8187207 0.3705649 0.8347403737
0.3425943 0.7426401 0.3829806252
0.7378407 0.6364049 0.4083245817
0.2274743 0.5048001 0.7309358311
0.8489607 0.4462449 0.6689218867
0.3203543 0.5229601 0.6651570691
0.3520807 0.2000849 1.280728147
0.4212343 0.3971201 0.8162719539
0.4472007 0.2979249 0.9373083805
0.3301143 0.7272801 0.4143036376
0.3343207 0.1397649 1.302238219
0.8469943 0.1134401 0.6045275904
0.2134407 0.1256049 1.438213386
0.7718743 0.1556001 0.7483438937
0.2845607 0.6554449 0.5130300235
0.9047543 0.4537601 0.5508633289
0.7476807 0.1292849 0.7302336855
0.0456343 0.6079201 0.523020593
0.8028007 0.9471249 0.2239741856
0.9945143 0.2180801 0.4284464441
0.6499207 0.5089649 0.6239619
0.5513943 0.8842401 0.3143237805
0.4890407 0.2148049 0.9179441912
0.5162743 0.2064001 0.8793184993
0.5201607 0.4646449 0.6504266555
0.6891543 0.7845601 0.3206740808
0.9432807 0.6584849 0.2481790364
0.8700343 0.2187201 0.6986659882
0.9584007 0.1963249 0.4900073079
0.8589143 0.1088801 0.5828731697
0.7655207 0.4781649 0.6921621338
0.4557943 0.0550401 0.9504484175
0.5646407 0.9040049 0.3177084255
0.4606743 0.6572001 0.4141982834
0.5557607 0.8738449 0.3129342524
0.6735543 0.5153601 0.6186359528
0.9388807 0.7876849 0.1974158989
0.8944343 0.2295201 0.6582509981
0.9140007 0.0455249 0.4628122936
0.9233143 0.3996801 0.5815347305
0.6811207 0.0473649 0.7044338845
0.5601943 0.6258401 0.4580375853
0.4402407 0.1932049 1.026717775
0.6050743 0.5080001 0.6097852461
0.3913607 0.8830449 0.3299040754
0.8579543 0.6461601 0.3230608939
0.7344807 0.5168849 0.6167823297
0.1188343 0.6403201 0.5233181306
0.6696007 0.4947249 0.6572523525
0.1877143 0.0904801 1.358055254
0.3967207 0.2165649 1.141438439
0.8645943 0.5966401 0.3761296869
0.1158407 0.0824049 1.23625913
0.9494743 0.7588001 0.2000745201
0.0269607 0.4922449 0.6314318753
0.2423543 0.1769601 1.495218667
0.3300807 0.8460849 0.3723810059
0.5432343 0.4511201 0.6708938032
0.2252007 0.5439249 0.6540428999
0.6521143 0.1812801 0.8178751713
0.9123207 0.9857649 0.1717434828
0.3689943 0.9674401 0.3632640708
0.5914407 0.5716049 0.5184473027
0.4938743 0.4096001 0.7303936255
0.4625607 0.7014449 0.3279175213
0.8267543 0.1077601 0.6247190607
0.7256807 0.7752849 0.3086035096
0.1676343 0.6619201 0.5163847225
0.5808007 0.1931249 0.8300953074
0.3165143 0.6720801 0.4825649178
0.2279207 0.3549649 1.191174597
0.0733943 0.7382401 0.4566078438
0.8670407 0.6608049 0.3026842782
0.2382743 0.4604001 0.8425630336
0.6981607 0.5106449 0.6319165753
0.6111543 0.4385601 0.7220533027
0.9212807 0.3044849 0.6345429778
0.9920343 0.2727201 0.4522899642
0.7364007 0.4423249 0.7784326616
0.1809143 0.5628801 0.6196176683
0.3435207 0.3241649 1.129866363
0.9777943 0.9090401 0.1575812187
0.9426407 0.3500049 0.5702339276
0.1826743 0.9112001 0.4022495927
0.7337607 0.9198449 0.2601423335
0.5955543 0.1693601 0.814908548
0.9168807 0.4336849 0.5548300596
0.0164343 0.2835201 0.9565995619
0.6920007 0.2915249 0.9128583967
0.2453143 0.8536801 0.4196719601
0.2591207 0.8933649 0.4049195834
0.0821943 0.4798401 0.7073533255
0.8182407 0.6392049 0.3592064003
0.3270743 0.7620001 0.3907160831
0.5693607 0.9290449 0.3165991785
0.7799543 0.3001601 0.9082526255
0.7124807 0.1628849 0.7917816453
0.2408343 0.6943201 0.494410727
0.4476007 0.7407249 0.2567044449
0.5097143 0.5444801 0.5522721563
0.9747207 0.0625649 0.3912382747
0.3865943 0.4506401 0.7518726249
0.4938407 0.5284049 0.5733607502
0.6714743 0.0128001 0.7035109881
0.2049607 0.5382449 0.6629779746
0.1643543 0.8309601 0.4313549377
0.3080807 0.4920849 0.7323676111
0.6652343 0.5051201 0.635944027
0.0032007 0.7899249 0.4160654402
0.9741143 0.6352801 0.2392698827
0.4903207 0.8317649 0.2522983984
0.8909943 0.8214401 0.2119095307
0.9694407 0.0176049 0.3898337771
0.2158743 0.6636001 0.5176787799
0.6405607 0.7474449 0.3524942472
0.7487543 0.7617601 0.3036872195
0.7036807 0.4212849 0.8130030188
0.2896343 0.7159201 0.461409671
0.3588007 0.4391249 0.8079173319
0.6385143 0.1260801 0.7741547359
0.8059207 0.2009649 0.7811090475
0.5953943 0.5922401 0.493483983
0.2450407 0.1068049 1.39861483
0.9602743 0.7144001 0.2091733485
0.8761607 0.5566449 0.423476634
0.5331543 0.0925601 0.8396896782
0.8992807 0.9504849 0.182685828
0.1140343 0.3267201 1.144006045
0.5144007 0.6883249 0.3689748873
0.5029143 0.0168801 0.8710781386
0.9215207 0.1701649 0.5421684452
0.4997943 0.7630401 0.2554275162
0.3206407 0.7960049 0.3850131309
0.9046743 0.1652001 0.5692251891
0.9117607 0.9658449 0.1751153138
0.5175543 0.8233601 0.269430393
0.8948807 0.0796849 0.5065746624
0.1384343 0.3375201 1.165463974
0.4700007 0.5375249 0.5688979109
0.5673143 0.3076801 0.8295925349
0.8371207 0.7393649 0.2685741216
0.6041943 0.3338401 0.8349471632
0.1962407 0.0852049 1.353484864
0.0490743 0.0160001 1.032038449
0.7473607 0.9750449 0.2415634823
0.7019543 0.9541601 0.2654141229
0.6904807 0.8088849 0.3108832712
0.3628343 0.7483201 0.3457208454
0.2256007 0.9867249 0.3767935673
0.8317143 0.9984801 0.2018775112
0.5527207 0.9085649 0.3184471635
0.9085943 0.3046401 0.6673862182
0.8718407 0.9744049 0.1898141511
0.3934743 0.2668001 1.107182851
0.3829607 0.5842449 0.5489519002
0.0863543 0.4849601 0.7018189741
0.2860807 0.1380849 1.40362197
0.7872343 0.5591201 0.5046146502
0.7812007 0.0359249 0.6131561297
0.2961143 0.0892801 1.308569501
0.0683207 0.6777649 0.4855782908
0.4129943 0.6754401 0.3993914032
0.3474407 0.4636049 0.7641987541
0.9378743 0.9176001 0.1723150543
0.8185607 0.7934449 0.2558081105
0.6707543 0.4157601 0.8033446478
0.6816807 0.0672849 0.7135640925
0.4116343 0.7699201 0.2508937453
0.1368007 0.6851249 0.496933668
0.9605143 0.5800801 0.2948416921
0.3839207 0.0469649 1.08223445
0.1173943 0.4462401 0.8193864647
0.6230407 0.5528049 0.5460901835
0.6822743 0.9684001 0.2700707686
0.0541607 0.6026449 0.5308576677
0.4551543 0.7465601 0.2474826289
0.8772807 0.5964849 0.364136574
0.2360343 0.3807201 1.10055635
0.2924007 0.9343249 0.3877153521
0.8249143 0.4708801 0.6549327247
0.4995207 0.0161649 0.8755479973
0.0217943 0.6170401 0.5060826202
0.6986407 0.2420049 0.885772547
0.6266743 0.4192001 0.7630032573
0.0897607 0.0118449 1.094979132
0.4395543 0.4773601 0.6607372509
0.8728807 0.7256849 0.255212312
0.2604343 0.3915201 1.052044491
0.2480007 0.7835249 0.4445798548
0.8893143 0.7616801 0.2306309289
0.4151207 0.5853649 0.5334087204
0.1261943 0.1878401 1.369458937
0.5742407 0.5312049 0.5689770519
0.7710743 0.2700001 0.8988191792
0.9253607 0.0210449 0.4416243344
0.6239543 0.6081601 0.4728890718
0.6684807 0.4548849 0.7331718676
0.4848343 0.8023201 0.2313456094
0.0036007 0.2327249 0.9707929397
0.1537143 0.4524801 0.8381381112
0.1307207 0.7545649 0.4600916469
0.4305943 0.1586401 1.049491913
0.2498407 0.4204049 0.9615837161
0.1154743 0.5208001 0.6605154105
0.5609607 0.6302449 0.4532155106
0.0083543 0.1389601 1.00762604
0.2640807 0.7840849 0.4379680698
0.9092343 0.6131201 0.3139897354
0.5592007 0.2819249 0.8392343119
0.6181143 0.5432801 0.5594714154
0.6463207 0.5237649 0.5968404364
0.9349943 0.5294401 0.3847319866
0.7254407 0.9096049 0.2663083849
0.6598743 0.1716001 0.808812903
0.9965607 0.8394449 0.1607760289
0.5927543 0.0697601 0.7759083763
0.6596807 0.7132849 0.3683772089
0.5336343 0.8239201 0.2845986253
0.9148007 0.9311249 0.1795613207
0.2825143 0.0340801 1.223870933
0.9619207 0.8929649 0.1664327884
0.6393943 0.3002401 0.8757366642
0.0010407 0.9988049 0.3438766345
0.4042743 0.2224001 1.116357132
0.2321607 0.6486449 0.5285300901
0.3771543 0.4005601 0.873869451
0.8552807 0.2424849 0.7545037788
0.3580343 0.4347201 0.8191798817
0.0704007 0.1803249 1.203567
0.1469143 0.9248801 0.3947750112
0.0775207 0.8621649 0.4074054324
0.5437943 0.4710401 0.6440392365
0.0766407 0.6880049 0.4822331662
0.3486743 0.6732001 0.4575062578
0.2677607 0.0578449 1.283261249
0.3615543 0.1313601 1.223036977
0.8508807 0.3716849 0.7768330064
0.3824343 0.4455201 0.7667946897
0.0260007 0.0295249 0.9991654063
0.2113143 0.2156801 1.502396735
0.9931207 0.4313649 0.3935614782
0.6481943 0.0418401 0.7271095074
0.9522407 0.9772049 0.1575928887
0.4930743 0.5240001 0.5786824894
0.1033607 0.0670449 1.188488477
0.5459543 0.2621601 0.847378354
0.6464807 0.1008849 0.7538723912
0.6068343 0.8563201 0.3186714347
0.7816007 0.4787249 0.6810883761
0.4757143 0.9064801 0.3161332706
0.7087207 0.6005649 0.4679891761
0.9525943 0.0126401 0.4085440225
0.6278407 0.8664049 0.3140732046
0.8374743 0.7748001 0.252949473
0.7389607 0.6762449 0.3653623354
0.9303543 0.7929601 0.2002042666
0.2420807 0.4300849 0.9330464417
0.0312343 0.6671201 0.4796387564
0.3372007 0.5279249 0.6478289937
0.9401143 0.9972801 0.1593063388
0.2243207 0.3697649 1.14030677
0.4569943 0.3834401 0.7964838935
0.1034407 0.3556049 1.0429898
0.3818743 0.4256001 0.8100867274
0.1745607 0.8854449 0.4112223542
0.5147543 0.7237601 0.3152016898
0.6376807 0.3592849 0.8454121423
0.6556343 0.8779201 0.3032483794
0.6928007 0.1771249 0.813315974
0.6045143 0.4880801 0.6405865259
0.5399207 0.7389649 0.3201966117
0.1613943 0.1542401 1.426268515
0.3790407 0.4448049 0.7720581371
0.1262743 0.4764001 0.7559263624
0.4101607 0.6946449 0.3648462519
0.2991543 0.0545601 1.241191954
0.8332807 0.8884849 0.2230300309
0.4800343 0.4887201 0.6257238006
0.8484007 0.4263249 0.7059101721
0.4689143 0.3788801 0.7915496235
0.6555207 0.7081649 0.3730442821
0.0657943 0.3250401 1.025511786
0.4546407 0.1340049 0.9841691875
0.0706743 0.9272001 0.3828636898
0.4457607 0.1038449 0.9919245969
0.2835543 0.7853601 0.4257330752
0.8288807 0.0176849 0.5539203388
0.5044343 0.4995201 0.6064419158
0.8040007 0.2755249 0.8701113976
0.5333143 0.6696801 0.4032309327
0.5711207 0.2773649 0.8411700363
0.1701943 0.8958401 0.4071423152
0.3302407 0.4232049 0.8826319006
0.2150743 0.7780001 0.453402356
0.2813607 0.1130449 1.372819397
0.4679543 0.9161601 0.3230159573
0.6244807 0.7468849 0.3543854534
0.7288343 0.9103201 0.2646439712
0.5596007 0.7247249 0.3499393493
0.7977143 0.3604801 0.8723163485
0.2867207 0.4465649 0.86039641
0.4745943 0.8666401 0.2802495677
0.0058407 0.3124049 0.8865043395
0.5594743 0.0288001 0.8038809001
0.9169607 0.7222449 0.231124319
0.8523543 0.4469601 0.6618542347
0.2200807 0.0760849 1.34229518
0.1532343 0.7211201 0.4792012019
0.1152007 0.7739249 0.4491390823
0.2621143 0.4512801 0.8613883365
0.8023207 0.2157649 0.8066799159
0.9789943 0.2374401 0.4698809702
0.4814407 0.8016049 0.22868305
0.1038743 0.6796001 0.4937140113
0.3525607 0.9314449 0.3702953714
0.4367543 0.3777601 0.8307950418
0.6156807 0.0052849 0.7516592047
0.7776343 0.9319201 0.2381434405
0.4708007 0.4231249 0.7229256078
0.9265143 0.9420801 0.1729937157
0.1179207 0.5849649 0.5733733104
0.6833943 0.0082401 0.6928647261
0.7570407 0.8908049 0.2569790472
0.8482743 0.7304001 0.2669096726
0.5881607 0.7406449 0.3519919712
0.2211543 0.7085601 0.4880366917
0.8112807 0.5344849 0.5345781105
0.6020343 0.5427201 0.5576567273
0.6264007 0.6723249 0.4073854148
0.7909143 0.8328801 0.2568007743
0.2335207 0.5541649 0.6368960964
0.5877943 0.1790401 0.8220543197
0.8326407 0.5800049 0.4308102604
0.7926743 0.1812001 0.7669462566
0.6237607 0.1498449 0.7953702641
0.2055543 0.4393601 0.9041638934
0.8068807 0.6636849 0.3404226485
0.6264343 0.5535201 0.5454257907
0.5820007 0.5215249 0.5835270058
0.8553143 0.1236801 0.6044690011
0.1491207 0.1233649 1.364874389
0.6921943 0.7498401 0.3353707988
0.7082407 0.8692049 0.284519763
0.9370743 0.0320001 0.4299994883
0.4593607 0.1590449 0.9796107751
0.3899543 0.5701601 0.5628457513
0.6024807 0.3928849 0.7784763482
0.8508343 0.9643201 0.200272548
0.3376007 0.9707249 0.3701799865
0.1197143 0.8144801 0.433002723
0.8647207 0.2925649 0.7707954574
0.9965943 0.7206401 0.1868166547
0.3838407 0.7584049 0.3011148855
0.2814743 0.2828001 1.357836983
0.0949607 0.7682449 0.4479780518
0.7743543 0.1009601 0.6740123517
0.1980807 0.7220849 0.481410565
0.2752343 0.7751201 0.4357242892
0.8932007 0.0199249 0.4797543149
0.5841143 0.9052801 0.315905779
0.3803207 0.0617649 1.104448816
0.5009943 0.0914401 0.8843281661
0.8594407 0.2476049 0.7512873771
0.8258743 0.9336001 0.2167959625
0.5305607 0.9774449 0.320492115
0.3587543 0.0317601 1.112147983
0.5936807 0.6512849 0.4303765404
0.8996343 0.9859201 0.176717642
0.2488007 0.6691249 0.5107124458
0.2485143 0.3960801 1.04323223
0.6959207 0.4309649 0.7921475929
0.2053943 0.8622401 0.4204952255
0.1350407 0.3368049 1.161074933
0.5702743 0.9844001 0.3074535414
0.7661607 0.7866449 0.2844498348
0.1431543 0.3625601 1.097837272
0.7892807 0.1804849 0.7694198521
0.7240343 0.5967201 0.4690824292
0.4044007 0.9183249 0.3440381191
0.1129143 0.2868801 1.23484876
0.8115207 0.4001649 0.8066127012
0.1097943 0.0330401 1.152120482
0.2106407 0.0260049 1.237764469
0.5146743 0.4352001 0.6902501762
0.8017607 0.1958449 0.7786603631
0.1275543 0.0933601 1.276769774
0.7848807 0.3096849 0.9056863353
0.7484343 0.6075201 0.4428215505
0.3600007 0.7675249 0.3351932269
0.1773143 0.5776801 0.5986603088
0.7271207 0.9693649 0.2513139016
0.2141943 0.6038401 0.5711175149
0.0862407 0.3152049 1.101976804
0.6590743 0.2860001 0.890262089
0.6373607 0.2050449 0.8359466401
0.3119543 0.2241601 1.380757957
0.5804807 0.0388849 0.7829548299
0.9728343 0.0183201 0.3860613141
0.1156007 0.2167249 1.335154485
0.4417143 0.2684801 0.9817249502
0.4427207 0.1385649 1.013262402
0.5185943 0.5746401 0.5175060651
0.7618407 0.2044049 0.8282638512
0.0034743 0.5368001 0.5604640231
0.2729607 0.8142449 0.4223687901
0.6963543 0.7549601 0.3310668514
0.1760807 0.3680849 1.122643752
0.3972343 0.8291201 0.278463605
0.6712007 0.2659249 0.8912407125
0.9061143 0.3592801 0.659382644
0.9583207 0.9077649 0.1655621526
0.0229943 0.9454401 0.3663492816
0.2374407 0.6936049 0.4954013497
0.5478743 0.1876001 0.8463232016
0.7085607 0.0234449 0.6743779797
0.2807543 0.6857601 0.4891799715
0.5716807 0.2972849 0.8353493761
0.0216343 0.0399201 0.9962678455
0.0268007 0.9151249 0.3774303267
0.5705143 0.8500801 0.3136086628
0.2739207 0.2769649 1.382194134
0.7273943 0.7162401 0.3395195731
0.5130407 0.7828049 0.2596783487
0.2922743 0.2384001 1.412173276
0.9441607 0.8326449 0.1847660637
0.0651543 0.0165601 1.059688001
0.7672807 0.8264849 0.2700248105
0.8460343 0.6507201 0.3272193155
0.1824007 0.1643249 1.466896134
0.4349143 0.7408801 0.2614634496
0.3895207 0.2461649 1.141679313
0.6317943 0.8870401 0.3086753016
0.5886407 0.4720049 0.6578962823
0.2366743 0.6892001 0.4983944866
0.9797607 0.2418449 0.4701187753
0.0495543 0.7473601 0.4465801653
0.7628807 0.9556849 0.239259133
0.8704343 0.6615201 0.2996291951
0.1380007 0.0135249 1.163366511
0.4993143 0.0316801 0.8766036823
0.3051207 0.8153649 0.3983493684
0.7361943 0.4578401 0.7459065619
0.4642407 0.7612049 0.2319495895
0.3810743 0.5400001 0.6058586606
0.8153607 0.2510449 0.832763732
0.2339543 0.8781601 0.4131907587
0.5584807 0.6848849 0.3920278961
0.0948343 0.0723201 1.178173024
0.8936007 0.4627249 0.5582351923
0.7637143 0.7224801 0.3176286891
0.0207207 0.9845649 0.3531359106
0.0405943 0.4286401 0.7520612448
0.1398407 0.6504049 0.5204072627
0.7254743 0.7908001 0.3023112489
0.4509607 0.8602449 0.2727453176
0.6183543 0.4089601 0.7707160417
0.1540807 0.0140849 1.181569855
0.5192343 0.8831201 0.3061622048
0.4492007 0.5119249 0.6077738546
0.2281143 0.8132801 0.437134707
0.5363207 0.7537649 0.3031631082
0.5449943 0.7994401 0.2928027231
0.6154407 0.1396049 0.7913338715
0.2698743 0.4416001 0.8857363441
0.8865607 0.0694449 0.5109921442
0.2027543 0.3397601 1.237550067
0.5496807 0.9432849 0.3195052753
0.1436343 0.0939201 1.307513662
0.8048007 0.1611249 0.7231058832
0.8925143 0.3040801 0.7080128637
0.8519207 0.1229649 0.6085534694
0.2493943 0.5702401 0.6115259988
0.8910407 0.2288049 0.665079185
0.0142743 0.4924001 0.6187932842
0.1221607 0.8786449 0.4086822789
0.9871543 0.6705601 0.2110119877
0.7452807 0.4724849 0.7124122598
0.9680343 0.7047201 0.2084150566
0.9604007 0.4103249 0.4829485667
0.7569143 0.1948801 0.8176107338
0.9675207 0.0921649 0.4108833029
0.1537943 0.7410401 0.4693085206
0.9666407 0.9180049 0.1606617037
0.9586743 0.9432001 0.1600520861
0.1577607 0.2878449 1.334243591
0.9715543 0.4013601 0.465150786
0.7408807 0.6016849 0.4549990964
0.9924343 0.7155201 0.1906653769
0.9160007 0.2595249 0.631443482
0.8213143 0.4856801 0.6277656559
0.8831207 0.6613649 0.2905734251
0.2581943 0.3118401 1.313437615
0.8422407 0.2072049 0.736036874
0.1030743 0.7940001 0.4386417688
0.9933607 0.2970449 0.4523258229
0.1559543 0.5321601 0.6615114456
0.5364807 0.3308849 0.8113766516
0.2168343 0.1263201 1.440116919
0.6716007 0.7087249 0.367639206
0.0857143 0.1764801 1.250756826
0.5987207 0.8305649 0.321734383
0.5625943 0.2826401 0.8390473299
0.5178407 0.0964049 0.8605271545
0.4474743 0.0448001 0.9611431225
0.6289607 0.9062449 0.3053541656
0.5403543 0.0629601 0.8263738833
0.1320807 0.6600849 0.5120744938
0.6412343 0.9371201 0.2939440701
0.2272007 0.7579249 0.4611161139
0.5501143 0.2672801 0.8447676984
0.1143207 0.5997649 0.5568224888
0.0669943 0.6534401 0.4995574164
0.9934407 0.5856049 0.2560487706
0.9918743 0.6956001 0.197836307
0.0645607 0.1154449 1.152323239
0.1247543 0.9937601 0.3687030933
0.5276807 0.5892849 0.5003367238
0.2656343 0.1479201 1.446161757
0.5828007 0.4071249 0.746557084
0.2145143 0.7580801 0.46256803
0.4299207 0.9689649 0.346463699
0.7713943 0.4242401 0.803160006
0.2690407 0.6748049 0.5018402293
0.7362743 0.7464001 0.3173992762
0.3001607 0.9246449 0.3881708169
0.9091543 0.3245601 0.6655512844
0.7232807 0.1184849 0.7323330617
0.0900343 0.7587201 0.4511344023
0.7384007 0.6563249 0.3852813147
0.0789143 0.6488801 0.506206118
0.5455207 0.9381649 0.320495461
0.6757943 0.5950401 0.4833505941
0.3446407 0.3640049 1.023515022
0.6806743 0.1972001 0.836273538
0.3357607 0.3338449 1.122445147
0.8935543 0.0553601 0.4935020565
0.7188807 0.2476849 0.8943087609
0.1144343 0.7695201 0.45092169
0.6940007 0.5055249 0.6418666535
0.1433143 0.9396801 0.38919457
0.4611207 0.5073649 0.6085321539
0.7801943 0.1658401 0.7561703921
0.2202407 0.6532049 0.5254486168
0.8250743 0.0480001 0.5732659173
0.1713607 0.3430449 1.199718904
0.0779543 0.1861601 1.227828193
0.5144807 0.9768849 0.3248045727
0.3388343 0.1803201 1.317380151
0.4496007 0.9547249 0.3403788016
0.4077143 0.6304801 0.4777480252
0.1767207 0.6765649 0.5073479947
0.0845943 0.1366401 1.225717668
0.8958407 0.5424049 0.4211483838
0.1694743 0.2988001 1.326645228
0.8069607 0.9522449 0.2211384746
0.4623543 0.7169601 0.2974125105
0.1100807 0.3060849 1.185439117
0.7632343 0.9911201 0.2314942501
0.0052007 0.0039249 0.954544358
0.8721143 0.7212801 0.257931817
0.6923207 0.4457649 0.7626033444
0.5889943 0.5074401 0.6054049522
0.3714407 0.0316049 1.089907214
0.7138743 0.9496001 0.2615072199
0.2425607 0.1614449 1.482598285
0.0467543 0.6477601 0.4962682398
0.5056807 0.2352849 0.8878109132
0.3876343 0.2019201 1.173588519
0.3608007 0.6531249 0.4744705731
0.5365143 0.2120801 0.8583373438
0.0079207 0.8149649 0.4080042442
0.2933943 0.2782401 1.346450228
0.6470407 0.1208049 0.7672057388
0.4582743 0.0004001 0.9314460417
0.4781607 0.9706449 0.3342245346
0.8311543 0.9785601 0.2058025142
0.7012807 0.7644849 0.324401405
0.2120343 0.8127201 0.4391085674
0.5164007 0.9023249 0.3152151857
0.4009143 0.1028801 1.096156941
0.1235207 0.7841649 0.4460477388
0.1977943 0.4490401 0.87276911
0.7226407 0.8100049 0.2964809982
0.4026743 0.4512001 0.73430622
0.5137607 0.3798449 0.7632726982
0.8155543 0.7093601 0.298076287
0.6968807 0.8936849 0.2827722966
0.2364343 0.8235201 0.4318353381
0.4720007 0.7515249 0.2451834122
0.4653143 0.3936801 0.77222389
0.0391207 0.3533649 0.8990911358
0.3021943 0.0198401 1.178557735
0.5982407 0.0992049 0.7804919032
0.5470743 0.3020001 0.8309286056
0.3493607 0.3890449 0.9475595708
0.9999543 0.8401601 0.1592429429
0.4924807 0.6228849 0.463940199
0.4608343 0.2343201 0.9649360811
0.2276007 0.2007249 1.507956924
0.7297143 0.0844801 0.6935571299
0.7547207 0.5225649 0.5981050345
0.6065943 0.9906401 0.2936416549
0.2738407 0.9884049 0.3741767105
0.8914743 0.5528001 0.4107602818
0.9849607 0.9982449 0.1426139901
0.3843543 0.3709601 0.9306836877
0.0880807 0.9520849 0.3774653264
0.8852343 0.0451201 0.4989606154
0.7832007 0.2499249 0.8701178884
0.1941143 0.1752801 1.487533074
0.2703207 0.2917649 1.353342425
0.1109943 0.3614401 1.042625923
0.7494407 0.4776049 0.6998978305
0.4358743 0.2036001 1.036086311
0.4205607 0.2074449 1.07622018
0.9687543 0.3017601 0.5120239654
0.4836807 0.8812849 0.2962494845
0.5096343 0.2559201 0.8755814266
0.1388007 0.8991249 0.4031990867
0.8585143 0.6660801 0.3041334931
0.5859207 0.6609649 0.4210243501
0.8153943 0.1322401 0.6693495865
0.0250407 0.5668049 0.5466045443
0.1802743 0.2544001 1.435523933
0.6561607 0.0166449 0.7167061281
0.7531543 0.6325601 0.4059567125
0.6792807 0.4104849 0.8177214423
0.3340343 0.8667201 0.3722165238
0.2944007 0.1483249 1.40116067
0.7229143 0.5568801 0.5381567228
0.7015207 0.6301649 0.4300961233
0.7197943 0.3030401 0.9260216304
0.1006407 0.2560049 1.253298955
0.1246743 0.7052001 0.4834917907
0.6917607 0.4258449 0.799372874
0.7375543 0.3633601 0.9032778395
0.6748807 0.5396849 0.5735500151
0.3584343 0.8775201 0.3543319013
0.2500007 0.9975249 0.3726105632
0.7873143 0.8476801 0.254308411
0.6171207 0.1993649 0.8292969301
0.8241943 0.8738401 0.2304901304
0.9762407 0.5452049 0.3098457703
0.2690743 0.5560001 0.6292020585
0.5273607 0.4350449 0.6902946711
0.9219543 0.4941601 0.4557784812
0.4704807 0.2688849 0.9234205567
0.5828343 0.2883201 0.8416051185
0.0056007 0.4467249 0.6715571519
0.0517143 0.5384801 0.5926729986
0.3327207 0.3685649 1.032753258
0.1285943 0.8446401 0.4223725696
0.6518407 0.4344049 0.7587462822
0.6134743 0.8068001 0.3287509464
0.1629607 0.0442449 1.243031766
0.3063543 0.0249601 1.181621646
0.0660807 0.5980849 0.5398257164
0.0072343 0.0991201 0.992666851
0.5612007 0.4959249 0.6140116784
0.5161143 0.6292801 0.4544162111
0.8483207 0.1377649 0.6319080146
0.6329943 0.2154401 0.8423321285
0.1274407 0.9236049 0.3930855184
0.1578743 0.4576001 0.8274333759
0.5985607 0.2534449 0.8480639483
0.8907543 0.9557601 0.185284866
0.4616807 0.5272849 0.5837149931
0.6316343 0.3099201 0.8677533004
0.9168007 0.1451249 0.5271486537
0.1805143 0.1200801 1.406150338
0.1639207 0.5069649 0.7128879107
0.3373943 0.9862401 0.3665676799
0.4030407 0.0128049 1.020707552
0.9022743 0.5084001 0.4662965296
0.8341607 0.0626449 0.5727769469
0.6751543 0.2865601 0.9015296677
0.6572807 0.0564849 0.7249703449
0.4560343 0.9207201 0.3276888355
0.0724007 0.3943249 0.8803196146
0.0449143 0.0108801 1.021797869
0.2795207 0.4761649 0.7858251284
0.2417943 0.1570401 1.478456571
0.4786407 0.7020049 0.3296594761
0.8466743 0.9592001 0.2029584742
0.8697607 0.4718449 0.5852423067
0.6595543 0.0173601 0.7139534931
0.6528807 0.1856849 0.8219448309
0.4804343 0.9315201 0.328299305
0.0280007 0.2435249 1.03748299
0.1093143 0.3016801 1.193563589
0.1951207 0.0453649 1.27064853
0.3461943 0.7278401 0.3926966722
0.3542407 0.9912049 0.3621581635
0.9910743 0.8100001 0.1683149123
0.7053607 0.4810449 0.6946968326
0.8439543 0.1481601 0.651929985
0.4484807 0.9148849 0.325970191
0.7048343 0.3423201 0.9112479177
0.7836007 0.6927249 0.328225904
0.3737143 0.9924801 0.3578274037
0.9107207 0.2145649 0.6077030296
0.6505943 0.6986401 0.3811592478
0.0298407 0.8804049 0.390203554
0.3354743 0.0608001 1.192468129
0.3409607 0.0902449 1.224481304
0.2283543 0.6789601 0.5061789711
0.0440807 0.2440849 1.088446165
0.1292343 0.1531201 1.35835898
0.3392007 0.7419249 0.3885687363
0.8381143 0.0832801 0.5851628585
0.4263207 0.9837649 0.3465192432
0.1549943 0.0694401 1.280805799
0.5054407 0.3696049 0.7788850471
0.8798743 0.7116001 0.2585321596
0.7765607 0.2994449 0.9107973288
0.8127543 0.6097601 0.4011569156
0.4396807 0.1732849 1.028477255
0.7536343 0.3639201 0.9004405906
0.6948007 0.3911249 0.8564179492
0.5025143 0.5740801 0.520385277
0.7419207 0.3529649 0.9122366219
0.8593943 0.8402401 0.222205607
0.7810407 0.4588049 0.7256088158
0.6242743 0.7624001 0.3463269223
0.0121607 0.1086449 1.008631136
0.5971543 0.9405601 0.3080481181
0.6352807 0.7024849 0.3817538303
0.5780343 0.9747201 0.3070807531
0.8504007 0.6403249 0.3347809456
0.3669143 0.4648801 0.7428165974
0.8575207 0.3221649 0.7904103543
0.7637943 0.0110401 0.6201000935
0.8566407 0.1480049 0.632298115
0.5686743 0.2132001 0.8399149152
0.0477607 0.5178449 0.6155894047
0.5815543 0.6713601 0.4105641184
0.6308807 0.8316849 0.321477676
0.6024343 0.9855201 0.296366029
0.8060007 0.4895249 0.6360564525
0.4313143 0.7556801 0.244264299
0.7731207 0.8913649 0.249579402
0.8681943 0.5818401 0.393565922
0.7322407 0.4372049 0.7889180294
0.7130743 0.0640001 0.6898406569
0.8833607 0.5270449 0.4633889334
0.7659543 0.8021601 0.2787587347
0.4264807 0.5608849 0.5577730307
0.8268343 0.3963201 0.7901116298
0.5616007 0.9387249 0.3173720343
0.6957143 0.4464801 0.7626342337
0.4887207 0.0605649 0.8966415969
0.1725943 0.5526401 0.6331242975
0.4078407 0.3264049 0.9759670515
0.0574743 0.3148001 1.023685559
0.5189607 0.1362449 0.8677770527
0.1503543 0.3329601 1.200235137
0.0220807 0.8900849 0.3848617314
0.2512343 0.2071201 1.494454122
0.1172007 0.9879249 0.369709328
0.1601143 0.5372801 0.6542666484
0.0043207 0.8297649 0.4014973653
0.6769943 0.9234401 0.2833708252
0.8834407 0.8156049 0.2170187202
0.6018743 0.9656001 0.3012474508
0.9545607 0.3454449 0.5413677698
0.7347543 0.2637601 0.9081746835
0.4176807 0.8192849 0.2478111239
0.8756343 0.4179201 0.6668707813
0.4728007 0.6371249 0.4458167781
0.8245143 0.0280801 0.563080513
0.3199207 0.1989649 1.370297732
0.3813943 0.6942401 0.3943606579
0.1590407 0.9048049 0.4030677636
0.3462743 0.0164001 1.114363413
0.1901607 0.1546449 1.46558573
0.5191543 0.5945601 0.4952998902
0.6132807 0.3484849 0.8321718159
0.7000343 0.0287201 0.6830819602
0.6284007 0.8863249 0.3097697537
0.6889143 0.9188801 0.2796079767
0.4355207 0.1681649 1.038540259
0.2857943 0.8650401 0.4038594535
0.2346407 0.5940049 0.5820442362
0.2906743 0.4672001 0.8021258336
0.2257607 0.5638449 0.6222909599
0.5035543 0.3253601 0.8303476618
0.6088807 0.4776849 0.6591408189
0.7244343 0.0395201 0.667129428
0.5840007 0.7355249 0.3539508507
0.7533143 0.2096801 0.8407633911
0.3511207 0.7373649 0.3753740378
0.3901943 0.4358401 0.778023411
0.1102407 0.8832049 0.4053061748
0.4350743 0.3180001 0.9333979471
0.0613607 0.5730449 0.5607758803
0.6879543 0.4561601 0.7404380689
0.4044807 0.2068849 1.122253996
0.9488343 0.4503201 0.4647473003
0.3396007 0.1847249 1.316302238
0.0177143 0.9004801 0.3801555119
0.0667207 0.9065649 0.3892731192
0.6945943 0.4066401 0.8332463466
0.7858407 0.7724049 0.2804243779
0.7794743 0.5688001 0.491399361
0.6969607 0.1822449 0.8191360078
0.0723543 0.9869601 0.363104231
8.07e-05 0.5360849 0.5587048712
0.3732343 0.2611201 1.172121486
0.8952007 0.2339249 0.6607087462
0.4821143 0.9912801 0.3312888046
0.5823207 0.6757649 0.406283315
0.1989943 0.7774401 0.454564534
0.2614407 0.2616049 1.428603335
0.3238743 0.2196001 1.353285129
0.1325607 0.3914449 0.9925253785
0.6567543 0.9177601 0.2928320375
0.3956807 0.4652849 0.714890042
0.9976343 0.4719201 0.3490616727
0.2508007 0.8831249 0.4093973872
0.1465143 0.4820801 0.758236216
0.8979207 0.0449649 0.4829225496
0.9033943 0.5482401 0.4023070074
0.5370407 0.3508049 0.7928799179
0.0682743 0.2704001 1.133412429
0.3681607 0.2006449 1.232644979
0.4411543 0.2485601 1.000386988
0.5912807 0.9944849 0.2980908692
0.8220343 0.0827201 0.604191366
0.4064007 0.1323249 1.102749026
0.0109143 0.3728801 0.8000673232
0.0135207 0.0141649 0.970831314
0.8077943 0.7190401 0.2962233003
0.6126407 0.0400049 0.7547207854
0.0126743 0.7212001 0.4471399084
0.4037607 0.6098449 0.5078663103
0.4255543 0.9793601 0.3471408129
0.5868807 0.1236849 0.7976962023
0.8464343 0.0935201 0.5842413443
0.3620007 0.9815249 0.3626600027
0.0753143 0.6636801 0.4957890245
0.9291207 0.5833649 0.3258883534
0.9121943 0.2898401 0.6550691906
0.4882407 0.3292049 0.8394119336
0.1570743 0.5720001 0.6014604789
0.2393607 0.6190449 0.5546445991
0.6099543 0.1101601 0.7778445026
0.3824807 0.8528849 0.3149283589
0.0708343 0.5043201 0.65432765
0.1176007 0.4307249 0.8597484783
0.3397143 0.3544801 1.05893076
0.6447207 0.7525649 0.349070928
0.2165943 0.2606401 1.452686024
0.1638407 0.2184049 1.448312527
0.5014743 0.8228001 0.2545275349
0.8749607 0.2282449 0.6991730925
0.9943543 0.6409601 0.2204924548
0.9780807 0.1820849 0.4420298838
0.4952343 0.3151201 0.8477067607
0.6732007 0.4799249 0.6874153111
0.8041143 0.4452801 0.7333937685
0.1603207 0.5217649 0.682050838
0.7209943 0.6314401 0.421515323
0.6394407 0.7076049 0.3773039011
0.0458743 0.4736001 0.6793104198
0.3105607 0.4374449 0.8654825255
0.5787543 0.5717601 0.5180239139
0.3736807 0.1112849 1.172013813
0.1196343 0.5259201 0.6544477085
0.0288007 0.1291249 1.061641451
0.4685143 0.9360801 0.3318400721
0.4759207 0.8909649 0.3041543703
0.4253943 0.4022401 0.8011601841
0.9150407 0.7968049 0.2066530957
0.7902743 0.5244001 0.5733421514
0.5461607 0.2466449 0.8502605667
0.3631543 0.9025601 0.3603309253
0.5692807 0.6404849 0.4420846841
0.9440343 0.1367201 0.4729329283
0.1844007 0.3783249 1.095355481
0.3329143 0.8268801 0.3668606337
0.5915207 0.8601649 0.3180301908
0.3297943 0.5730401 0.5860301273
0.9906407 0.4860049 0.3474666733
0.7346743 0.9752001 0.2468336542
0.5817607 0.6558449 0.4261247373
0.3475543 0.6333601 0.5071977991
0.5648807 0.7696849 0.3203268378
0.9684343 0.1475201 0.4385588608
0.1400007 0.2275249 1.391911868
0.3973143 0.1176801 1.116768675
0.5071207 0.4293649 0.6991813596
0.4341943 0.1438401 1.035947011
0.8662407 0.7752049 0.2378833488
0.8790743 0.8260001 0.2164400441
0.4173607 0.6650449 0.4158580387
0.5319543 0.7641601 0.2907307238
0.3604807 0.4988849 0.6828305357
0.1928343 0.5583201 0.6284156836
0.8956007 0.6767249 0.270104352
0.6617143 0.8084801 0.3214498381
0.2227207 0.5985649 0.5770812507
0.7385943 0.1146401 0.7184218099
0.5418407 0.6644049 0.4121472935
0.2234743 0.0768001 1.343859162
0.0529607 0.2742449 1.080069896
0.9163543 0.2949601 0.645749834
0.9560807 0.8280849 0.180339855
0.6172343 0.3691201 0.8173736187
0.4512007 0.7259249 0.2808605373
0.1261143 0.8992801 0.4016397781
0.7383207 0.3677649 0.8988055367
0.2429943 0.4854401 0.7751220769
0.0174407 0.1536049 1.035993463
0.7678743 0.7276001 0.3123295921
0.4885607 0.4834449 0.6301317395
0.5007543 0.2257601 0.8970873436
0.3516807 0.7572849 0.3563758996
0.2416343 0.5799201 0.5991418363
0.8068007 0.3751249 0.8464273802
0.7905143 0.3900801 0.8456031262
0.0539207 0.7369649 0.4523058755
0.9473943 0.2562401 0.5525328747
0.2930407 0.2428049 1.405573704
0.5122743 0.7784001 0.2602732755
0.7241607 0.2926449 0.9244537574
0.2851543 0.5565601 0.6243141458
0.5472807 0.2864849 0.8386885398
0.0660343 0.1907201 1.189619113
0.9624007 0.6243249 0.2562779161
0.6549143 0.2808801 0.8862018332
0.1695207 0.7061649 0.4888666552
0.8517943 0.4270401 0.6986336598
0.3686407 0.9320049 0.3638989498
0.4566743 0.2292001 0.9764844536
0.7597607 0.7018449 0.3338381786
0.2695543 0.2873601 1.364970027
0.5428807 0.4156849 0.718051578
0.0904343 0.2015201 1.265561151
0.9180007 0.4735249 0.4942544795
0.7193143 0.5716801 0.5120609481
0.0851207 0.2753649 1.177206142
0.9561943 0.9978401 0.1531951089
0.2442407 0.2212049 1.493959035
0.6010743 0.0800001 0.7720304625
