0.0353607 0.7910449 0.4248156309
0.0139543 0.3381601 0.8662857365
0.7784807 0.2248849 0.8440807254
0.8748343 0.5323201 0.4659344491
0.1136007 0.0027249 1.118798369
0.5437143 0.1824801 0.8488054504
0.2407207 0.5245649 0.6886479542
0.8205943 0.8886401 0.2287236039
0.3598407 0.1904049 1.258346278
0.5054743 0.2508001 0.8825131013
0.6709607 0.4002449 0.8271951036
0.3983543 0.8689601 0.3124077981
0.3740807 0.5540849 0.5906338822
0.2992343 0.3431201 1.16566718
0.6692007 0.0519249 0.7148539032
0.0081143 0.2732801 0.9452174649
0.7563207 0.2937649 0.9208350136
0.3249943 0.2594401 1.308618961
0.8354407 0.6796049 0.3081219235
0.0498743 0.9016001 0.3874640326
0.1065607 0.6094449 0.5452059326
0.9827543 0.7997601 0.1740319516
0.7696807 0.4832849 0.6784230846
0.9236343 0.5539201 0.3680535802
0.0248007 0.7011249 0.4602526114
0.6725143 0.7640801 0.3358282519
0.0719207 0.6629649 0.4952200552
0.0293943 0.0302401 1.005778303
0.1110407 0.7688049 0.4506648024
0.7942743 0.9524001 0.2265332477
0.3421607 0.4186449 0.8795435144
0.7671543 0.1305601 0.7170491241
0.9652807 0.0124849 0.394139226
0.7480343 0.1647201 0.7788470606
0.1804007 0.9503249 0.3882958754
0.5369143 0.6548801 0.4232474299
0.1875207 0.6321649 0.5418162436
0.9337943 0.2010401 0.5453138885
0.1866407 0.4580049 0.8427835976
0.7386743 0.4032001 0.8509256427
0.3777607 0.8278449 0.3043459713
0.7515543 0.8613601 0.2672031731
0.9608807 0.1416849 0.4477597028
0.7724343 0.1755201 0.7775614756
0.1360007 0.7995249 0.4413038246
0.6013143 0.9456801 0.3057577989
0.1031207 0.2013649 1.304342697
0.0381943 0.7718401 0.4332686431
0.0622407 0.7472049 0.4499006566
0.8830743 0.2540001 0.7058432285
0.2133607 0.8370449 0.4295822313
0.9359543 0.9921601 0.1616318755
0.7564807 0.8708849 0.2623669328
0.9968343 0.5863201 0.2522110798
0.8916007 0.2487249 0.6819651799
0.8657143 0.6364801 0.3270327077
0.8187207 0.3705649 0.8347403737
0.3425943 0.7426401 0.3829806252
0.7378407 0.6364049 0.4083245817
0.2274743 0.5048001 0.7309358311
0.8489607 0.4462449 0.6689218867
0.3203543 0.5229601 0.6651570691
0.3520807 0.2000849 1.280728147
0.4212343 0.3971201 0.8162719539
0.4472007 0.2979249 0.9373083805
0.3301143 0.7272801 0.4143036376
0.3343207 0.1397649 1.302238219
0.8469943 0.1134401 0.6045275904
0.2134407 0.1256049 1.438213386
0.7718743 0.1556001 0.7483438937
0.2845607 0.6554449 0.5130300235
0.9047543 0.4537601 0.5508633289
0.7476807 0.1292849 0.7302336855
0.0456343 0.6079201 0.523020593
0.8028007 0.9471249 0.2239741856
0.9945143 0.2180801 0.4284464441
0.6499207 0.5089649 0.6239619
0.5513943 0.8842401 0.3143237805
0.4890407 0.2148049 0.9179441912
0.5162743 0.2064001 0.8793184993
0.5201607 0.4646449 0.6504266555
0.6891543 0.7845601 0.3206740808
0.9432807 0.6584849 0.2481790364
0.8700343 0.2187201 0.6986659882
0.9584007 0.1963249 0.4900073079
0.8589143 0.1088801 0.5828731697
0.7655207 0.4781649 0.6921621338
0.4557943 0.0550401 0.9504484175
0.5646407 0.9040049 0.3177084255
0.4606743 0.6572001 0.4141982834
0.5557607 0.8738449 0.3129342524
0.6735543 0.5153601 0.6186359528
0.9388807 0.7876849 0.1974158989
0.8944343 0.2295201 0.6582509981
0.9140007 0.0455249 0.4628122936
0.9233143 0.3996801 0.5815347305
0.6811207 0.0473649 0.7044338845
0.5601943 0.6258401 0.4580375853
0.4402407 0.1932049 1.026717775
0.6050743 0.5080001 0.6097852461
