0.0353607 0.7910449 0.4248156309
0.0139543 0.3381601 0.8662857365
0.7784807 0.2248849 0.8440807254
0.8748343 0.5323201 0.4659344491
0.1136007 0.0027249 1.118798369
0.5437143 0.1824801 0.8488054504
0.2407207 0.5245649 0.6886479542
0.8205943 0.8886401 0.2287236039
0.3598407 0.1904049 1.258346278
0.5054743 0.2508001 0.8825131013
0.6709607 0.4002449 0.8271951036
0.3983543 0.8689601 0.3124077981
0.3740807 0.5540849 0.5906338822
0.2992343 0.3431201 1.16566718
0.6692007 0.0519249 0.7148539032
0.0081143 0.2732801 0.9452174649
0.7563207 0.2937649 0.9208350136
0.3249943 0.2594401 1.308618961
0.8354407 0.6796049 0.3081219235
0.0498743 0.9016001 0.3874640326
0.1065607 0.6094449 0.5452059326
0.9827543 0.7997601 0.1740319516
0.7696807 0.4832849 0.6784230846
0.9236343 0.5539201 0.3680535802
0.0248007 0.7011249 0.4602526114
0.6725143 0.7640801 0.3358282519
0.0719207 0.6629649 0.4952200552
0.0293943 0.0302401 1.005778303
0.1110407 0.7688049 0.4506648024
0.7942743 0.9524001 0.2265332477
0.3421607 0.4186449 0.8795435144
0.7671543 0.1305601 0.7170491241
0.9652807 0.0124849 0.394139226
0.7480343 0.1647201 0.7788470606
0.1804007 0.9503249 0.3882958754
0.5369143 0.6548801 0.4232474299
0.1875207 0.6321649 0.5418162436
0.9337943 0.2010401 0.5453138885
0.1866407 0.4580049 0.8427835976
0.7386743 0.4032001 0.8509256427
0.3777607 0.8278449 0.3043459713
0.7515543 0.8613601 0.2672031731
0.9608807 0.1416849 0.4477597028
0.7724343 0.1755201 0.7775614756
0.1360007 0.7995249 0.4413038246
0.6013143 0.9456801 0.3057577989
0.1031207 0.2013649 1.304342697
0.0381943 0.7718401 0.4332686431
0.0622407 0.7472049 0.4499006566
0.8830743 0.2540001 0.7058432285
0.2133607 0.8370449 0.4295822313
0.9359543 0.9921601 0.1616318755
0.7564807 0.8708849 0.2623669328
0.9968343 0.5863201 0.2522110798
0.8916007 0.2487249 0.6819651799
0.8657143 0.6364801 0.3270327077
0.8187207 0.3705649 0.8347403737
0.3425943 0.7426401 0.3829806252
0.7378407 0.6364049 0.4083245817
0.2274743 0.5048001 0.7309358311
0.8489607 0.4462449 0.6689218867
0.3203543 0.5229601 0.6651570691
0.3520807 0.2000849 1.280728147
0.4212343 0.3971201 0.8162719539
0.4472007 0.2979249 0.9373083805
0.3301143 0.7272801 0.4143036376
0.3343207 0.1397649 1.302238219
0.8469943 0.1134401 0.6045275904
0.2134407 0.1256049 1.438213386
0.7718743 0.1556001 0.7483438937
0.2845607 0.6554449 0.5130300235
0.9047543 0.4537601 0.5508633289
0.7476807 0.1292849 0.7302336855
0.0456343 0.6079201 0.523020593
0.8028007 0.9471249 0.2239741856
0.9945143 0.2180801 0.4284464441
0.6499207 0.5089649 0.6239619
0.5513943 0.8842401 0.3143237805
0.4890407 0.2148049 0.9179441912
0.5162743 0.2064001 0.8793184993
0.5201607 0.4646449 0.6504266555
0.6891543 0.7845601 0.3206740808
0.9432807 0.6584849 0.2481790364
0.8700343 0.2187201 0.6986659882
0.9584007 0.1963249 0.4900073079
0.8589143 0.1088801 0.5828731697
0.7655207 0.4781649 0.6921621338
0.4557943 0.0550401 0.9504484175
0.5646407 0.9040049 0.3177084255
0.4606743 0.6572001 0.4141982834
0.5557607 0.8738449 0.3129342524
0.6735543 0.5153601 0.6186359528
0.9388807 0.7876849 0.1974158989
0.8944343 0.2295201 0.6582509981
0.9140007 0.0455249 0.4628122936
0.9233143 0.3996801 0.5815347305
0.6811207 0.0473649 0.7044338845
0.5601943 0.6258401 0.4580375853
0.4402407 0.1932049 1.026717775
0.6050743 0.5080001 0.6097852461
0.3913607 0.8830449 0.3299040754
0.8579543 0.6461601 0.3230608939
0.7344807 0.5168849 0.6167823297
0.1188343 0.6403201 0.5233181306
0.6696007 0.4947249 0.6572523525
0.1877143 0.0904801 1.358055254
0.3967207 0.2165649 1.141438439
0.8645943 0.5966401 0.3761296869
0.1158407 0.0824049 1.23625913
0.9494743 0.7588001 0.2000745201
0.0269607 0.4922449 0.6314318753
0.2423543 0.1769601 1.495218667
0.3300807 0.8460849 0.3723810059
0.5432343 0.4511201 0.6708938032
0.2252007 0.5439249 0.6540428999
0.6521143 0.1812801 0.8178751713
0.9123207 0.9857649 0.1717434828
0.3689943 0.9674401 0.3632640708
0.5914407 0.5716049 0.5184473027
0.4938743 0.4096001 0.7303936255
0.4625607 0.7014449 0.3279175213
0.8267543 0.1077601 0.6247190607
0.7256807 0.7752849 0.3086035096
0.1676343 0.6619201 0.5163847225
0.5808007 0.1931249 0.8300953074
0.3165143 0.6720801 0.4825649178
0.2279207 0.3549649 1.191174597
0.0733943 0.7382401 0.4566078438
0.8670407 0.6608049 0.3026842782
0.2382743 0.4604001 0.8425630336
0.6981607 0.5106449 0.6319165753
0.6111543 0.4385601 0.7220533027
0.9212807 0.3044849 0.6345429778
0.9920343 0.2727201 0.4522899642
0.7364007 0.4423249 0.7784326616
0.1809143 0.5628801 0.6196176683
0.3435207 0.3241649 1.129866363
0.9777943 0.9090401 0.1575812187
0.9426407 0.3500049 0.5702339276
0.1826743 0.9112001 0.4022495927
0.7337607 0.9198449 0.2601423335
0.5955543 0.1693601 0.814908548
0.9168807 0.4336849 0.5548300596
0.0164343 0.2835201 0.9565995619
0.6920007 0.2915249 0.9128583967
0.2453143 0.8536801 0.4196719601
0.2591207 0.8933649 0.4049195834
0.0821943 0.4798401 0.7073533255
0.8182407 0.6392049 0.3592064003
0.3270743 0.7620001 0.3907160831
0.5693607 0.9290449 0.3165991785
0.7799543 0.3001601 0.9082526255
0.7124807 0.1628849 0.7917816453
0.2408343 0.6943201 0.494410727
0.4476007 0.7407249 0.2567044449
0.5097143 0.5444801 0.5522721563
0.9747207 0.0625649 0.3912382747
0.3865943 0.4506401 0.7518726249
0.4938407 0.5284049 0.5733607502
0.6714743 0.0128001 0.7035109881
0.2049607 0.5382449 0.6629779746
0.1643543 0.8309601 0.4313549377
0.3080807 0.4920849 0.7323676111
0.6652343 0.5051201 0.635944027
0.0032007 0.7899249 0.4160654402
0.9741143 0.6352801 0.2392698827
0.4903207 0.8317649 0.2522983984
0.8909943 0.8214401 0.2119095307
0.9694407 0.0176049 0.3898337771
0.2158743 0.6636001 0.5176787799
0.6405607 0.7474449 0.3524942472
0.7487543 0.7617601 0.3036872195
0.7036807 0.4212849 0.8130030188
0.2896343 0.7159201 0.461409671
0.3588007 0.4391249 0.8079173319
0.6385143 0.1260801 0.7741547359
0.8059207 0.2009649 0.7811090475
0.5953943 0.5922401 0.493483983
0.2450407 0.1068049 1.39861483
0.9602743 0.7144001 0.2091733485
0.8761607 0.5566449 0.423476634
0.5331543 0.0925601 0.8396896782
0.8992807 0.9504849 0.182685828
0.1140343 0.3267201 1.144006045
0.5144007 0.6883249 0.3689748873
0.5029143 0.0168801 0.8710781386
0.9215207 0.1701649 0.5421684452
0.4997943 0.7630401 0.2554275162
0.3206407 0.7960049 0.3850131309
0.9046743 0.1652001 0.5692251891
0.9117607 0.9658449 0.1751153138
0.5175543 0.8233601 0.269430393
0.8948807 0.0796849 0.5065746624
0.1384343 0.3375201 1.165463974
0.4700007 0.5375249 0.5688979109
0.5673143 0.3076801 0.8295925349
0.8371207 0.7393649 0.2685741216
0.6041943 0.3338401 0.8349471632
0.1962407 0.0852049 1.353484864
0.0490743 0.0160001 1.032038449
0.7473607 0.9750449 0.2415634823
0.7019543 0.9541601 0.2654141229
0.6904807 0.8088849 0.3108832712
0.3628343 0.7483201 0.3457208454
0.2256007 0.9867249 0.3767935673
0.8317143 0.9984801 0.2018775112
0.5527207 0.9085649 0.3184471635
0.9085943 0.3046401 0.6673862182
0.8718407 0.9744049 0.1898141511
0.3934743 0.2668001 1.107182851
0.3829607 0.5842449 0.5489519002
0.0863543 0.4849601 0.7018189741
0.2860807 0.1380849 1.40362197
0.7872343 0.5591201 0.5046146502
0.7812007 0.0359249 0.6131561297
0.2961143 0.0892801 1.308569501
0.0683207 0.6777649 0.4855782908
0.4129943 0.6754401 0.3993914032
0.3474407 0.4636049 0.7641987541
0.9378743 0.9176001 0.1723150543
0.8185607 0.7934449 0.2558081105
0.6707543 0.4157601 0.8033446478
0.6816807 0.0672849 0.7135640925
0.4116343 0.7699201 0.2508937453
0.1368007 0.6851249 0.496933668
0.9605143 0.5800801 0.2948416921
0.3839207 0.0469649 1.08223445
0.1173943 0.4462401 0.8193864647
0.6230407 0.5528049 0.5460901835
0.6822743 0.9684001 0.2700707686
0.0541607 0.6026449 0.5308576677
0.4551543 0.7465601 0.2474826289
0.8772807 0.5964849 0.364136574
0.2360343 0.3807201 1.10055635
0.2924007 0.9343249 0.3877153521
0.8249143 0.4708801 0.6549327247
0.4995207 0.0161649 0.8755479973
0.0217943 0.6170401 0.5060826202
0.6986407 0.2420049 0.885772547
0.6266743 0.4192001 0.7630032573
0.0897607 0.0118449 1.094979132
0.4395543 0.4773601 0.6607372509
0.8728807 0.7256849 0.255212312
0.2604343 0.3915201 1.052044491
0.2480007 0.7835249 0.4445798548
0.8893143 0.7616801 0.2306309289
0.4151207 0.5853649 0.5334087204
0.1261943 0.1878401 1.369458937
0.5742407 0.5312049 0.5689770519
0.7710743 0.2700001 0.8988191792
0.9253607 0.0210449 0.4416243344
0.6239543 0.6081601 0.4728890718
0.6684807 0.4548849 0.7331718676
0.4848343 0.8023201 0.2313456094
0.0036007 0.2327249 0.9707929397
0.1537143 0.4524801 0.8381381112
0.1307207 0.7545649 0.4600916469
0.4305943 0.1586401 1.049491913
0.2498407 0.4204049 0.9615837161
0.1154743 0.5208001 0.6605154105
0.5609607 0.6302449 0.4532155106
0.0083543 0.1389601 1.00762604
0.2640807 0.7840849 0.4379680698
0.9092343 0.6131201 0.3139897354
0.5592007 0.2819249 0.8392343119
0.6181143 0.5432801 0.5594714154
0.6463207 0.5237649 0.5968404364
0.9349943 0.5294401 0.3847319866
0.7254407 0.9096049 0.2663083849
0.6598743 0.1716001 0.808812903
0.9965607 0.8394449 0.1607760289
0.5927543 0.0697601 0.7759083763
0.6596807 0.7132849 0.3683772089
0.5336343 0.8239201 0.2845986253
0.9148007 0.9311249 0.1795613207
0.2825143 0.0340801 1.223870933
0.9619207 0.8929649 0.1664327884
0.6393943 0.3002401 0.8757366642
0.0010407 0.9988049 0.3438766345
0.4042743 0.2224001 1.116357132
0.2321607 0.6486449 0.5285300901
0.3771543 0.4005601 0.873869451
0.8552807 0.2424849 0.7545037788
0.3580343 0.4347201 0.8191798817
0.0704007 0.1803249 1.203567
0.1469143 0.9248801 0.3947750112
0.0775207 0.8621649 0.4074054324
0.5437943 0.4710401 0.6440392365
0.0766407 0.6880049 0.4822331662
0.3486743 0.6732001 0.4575062578
0.2677607 0.0578449 1.283261249
0.3615543 0.1313601 1.223036977
0.8508807 0.3716849 0.7768330064
0.3824343 0.4455201 0.7667946897
0.0260007 0.0295249 0.9991654063
0.2113143 0.2156801 1.502396735
0.9931207 0.4313649 0.3935614782
0.6481943 0.0418401 0.7271095074
0.9522407 0.9772049 0.1575928887
0.4930743 0.5240001 0.5786824894
